1 24 24 147 163 209 243 255 443 485
2 24 24 147 163 197 255 443 447 501
3 24 24 163 197 201 247 301 447 501
4 24 24 109 201 247 301 309 355 501
5 24 24 109 201 309 355 393 405 439
6 24 24 117 151 259 355 393 405 439
7 24 24 117 151 259 347 351 389 439
8 24 24 105 117 339 347 351 389 493
9 24 24 105 293 297 339 389 489 493
10 24 24 155 251 293 297 305 489 493
11 24 24 155 251 305 343 435 451 489
12 24 24 305 343 397 401 435 451 497
13 24 24 101 205 213 397 401 451 497
14 24 24 101 113 159 205 209 213 497
15 24 24 101 113 147 159 209 243 485
16 24 24 109 147 163 197 201 209 243 247 255 301 309 443 447 485 501
17 24 24 109 151 163 197 201 247 301 309 355 393 405 439 443 447 501
18 24 24 109 117 151 201 247 259 301 309 347 351 355 389 393 405 439
19 24 24 105 117 151 259 293 297 339 347 351 355 389 393 405 439 493
20 24 24 105 117 155 251 259 293 297 305 339 347 351 389 435 489 493
21 24 24 105 155 251 293 297 305 339 343 397 401 435 451 489 493 497
22 24 24 101 113 155 159 205 213 251 305 343 397 401 435 451 489 497
23 24 24 101 113 147 159 205 209 213 243 255 343 397 401 451 485 497
24 24 24 101 113 147 159 163 197 205 209 213 243 255 443 447 485 501
25 24 24 147 163 209 243 255 443 485
26 24 24 147 163 197 255 443 447 501
27 24 24 163 197 201 247 301 447 501
28 24 24 109 201 247 301 309 355 501
29 24 24 109 201 309 355 393 405 439
30 24 24 117 151 259 355 393 405 439
31 24 24 117 151 259 347 351 389 439
32 24 24 105 117 339 347 351 389 493
33 24 24 105 293 297 339 389 489 493
34 24 24 155 251 293 297 305 489 493
35 24 24 155 251 305 343 435 451 489
36 24 24 305 343 397 401 435 451 497
37 24 24 101 205 213 397 401 451 497
38 24 24 101 113 159 205 209 213 497
39 24 24 101 113 147 159 209 243 485
40 24 24 109 147 163 197 201 209 243 247 255 301 309 443 447 485 501
41 24 24 109 151 163 197 201 247 301 309 355 393 405 439 443 447 501
42 24 24 109 117 151 201 247 259 301 309 347 351 355 389 393 405 439
43 24 24 105 117 151 259 293 297 339 347 351 355 389 393 405 439 493
44 24 24 105 117 155 251 259 293 297 305 339 347 351 389 435 489 493
45 24 24 105 155 251 293 297 305 339 343 397 401 435 451 489 493 497
46 24 24 101 113 155 159 205 213 251 305 343 397 401 435 451 489 497
47 24 24 101 113 147 159 205 209 213 243 255 343 397 401 451 485 497
48 24 24 101 113 147 159 163 197 205 209 213 243 255 443 447 485 501
49 24 24 147 163 209 243 255 443 485
50 24 24 147 163 197 255 443 447 501
51 24 24 163 197 201 247 301 447 501
52 24 24 109 201 247 301 309 355 501
53 24 24 109 201 309 355 393 405 439
54 24 24 117 151 259 355 393 405 439
55 24 24 117 151 259 347 351 389 439
56 24 24 105 117 339 347 351 389 493
57 24 24 105 293 297 339 389 489 493
58 24 24 155 251 293 297 305 489 493
59 24 24 155 251 305 343 435 451 489
60 24 24 305 343 397 401 435 451 497
61 24 24 101 205 213 397 401 451 497
62 24 24 101 113 159 205 209 213 497
63 24 24 101 113 147 159 209 243 485
64 24 24 109 147 163 197 201 209 243 247 255 301 309 443 447 485 501
65 24 24 109 151 163 197 201 247 301 309 355 393 405 439 443 447 501
66 24 24 109 117 151 201 247 259 301 309 347 351 355 389 393 405 439
67 24 24 105 117 151 259 293 297 339 347 351 355 389 393 405 439 493
68 24 24 105 117 155 251 259 293 297 305 339 347 351 389 435 489 493
69 24 24 105 155 251 293 297 305 339 343 397 401 435 451 489 493 497
70 24 24 101 113 155 159 205 213 251 305 343 397 401 435 451 489 497
71 24 24 101 113 147 159 205 209 213 243 255 343 397 401 451 485 497
72 24 24 101 113 147 159 163 197 205 209 213 243 255 443 447 485 501