1 24 24 105 163 255 347 401
2 24 24 109 201 259 351 447
3 24 24 113 205 251 297 355
4 24 24 155 209 301 393 443
5 24 24 159 251 305 397 451
6 24 24 203 257 353 395 438
7 24 24 200 230 298 306 342
8 24 24 150 201 253 271 307
9 24 24 105 163 255 347 401
10 24 24 105 163 255 347 401
11 24 24 105 163 255 347 401
12 24 24 105 163 255 347 401
13 24 24 109 201 259 351 447
14 24 24 109 201 259 351 447
15 24 24 109 201 259 351 447
16 24 24 109 201 259 351 447
17 24 24 109 201 259 351 447
18 24 24 109 201 259 351 447
19 24 24 109 201 259 351 447
20 24 24 109 201 259 351 447
21 24 24 109 201 259 351 447
22 24 24 113 205 251 297 355
23 24 24 155 209 301 393 443
24 24 24 159 251 305 397 451
25 24 24 203 257 353 395 438
26 24 24 200 230 298 306 342
27 24 24 150 201 253 271 307
28 24 24 105 163 255 347 401
29 24 24 109 201 259 351 447
30 24 24 109 201 259 351 447
31 24 24 109 201 259 351 447
32 24 24 109 201 259 351 447
33 24 24 113 205 251 297 355
34 24 24 113 205 251 297 355
35 24 24 113 205 251 297 355
36 24 24 113 205 251 297 355
37 24 24 113 205 251 297 355
38 24 24 113 205 251 297 355
39 24 24 113 205 251 297 355
40 24 24 113 205 251 297 355
41 24 24 113 205 251 297 355
42 24 24 155 209 301 393 443
43 24 24 159 251 305 397 451
44 24 24 203 257 353 395 438
45 24 24 200 230 298 306 342
46 24 24 150 201 253 271 307
47 24 24 105 163 255 347 401
48 24 24 109 201 259 351 447
49 24 24 113 205 251 297 355
50 24 24 113 205 251 297 355
51 24 24 113 205 251 297 355
52 24 24 113 205 251 297 355
53 24 24 155 209 301 393 443
54 24 24 155 209 301 393 443
55 24 24 155 209 301 393 443
56 24 24 155 209 301 393 443
57 24 24 155 209 301 393 443
58 24 24 155 209 301 393 443
59 24 24 155 209 301 393 443
60 24 24 155 209 301 393 443
61 24 24 155 209 301 393 443
62 24 24 159 251 305 397 451
63 24 24 203 257 353 395 438
64 24 24 200 230 298 306 342
65 24 24 150 201 253 271 307
66 24 24 105 163 255 347 401
67 24 24 109 201 259 351 447
68 24 24 113 205 251 297 355
69 24 24 155 209 301 393 443
70 24 24 155 209 301 393 443
71 24 24 155 209 301 393 443
72 24 24 155 209 301 393 443
73 24 24 159 251 305 397 451
74 24 24 159 251 305 397 451
75 24 24 159 251 305 397 451
76 24 24 159 251 305 397 451
77 24 24 159 251 305 397 451
78 24 24 159 251 305 397 451
79 24 24 159 251 305 397 451
80 24 24 159 251 305 397 451
81 24 24 159 251 305 397 451
82 24 24 203 257 353 395 438
83 24 24 200 230 298 306 342
84 24 24 150 201 253 271 307
85 24 24 105 163 255 347 401
86 24 24 109 201 259 351 447
87 24 24 113 205 251 297 355
88 24 24 155 209 301 393 443
89 24 24 159 251 305 397 451
90 24 24 159 251 305 397 451
91 24 24 159 251 305 397 451
92 24 24 159 251 305 397 451
93 24 24 203 257 353 395 438
94 24 24 203 257 353 395 438
95 24 24 203 257 353 395 438
96 24 24 203 257 353 395 438
97 24 24 203 257 353 395 438
98 24 24 203 257 353 395 438
99 24 24 203 257 353 395 438
100 24 24 203 257 353 395 438
101 24 24 203 257 353 395 438
102 24 24 200 230 298 306 342
103 24 24 150 201 253 271 307
104 24 24 105 163 255 347 401
105 24 24 109 201 259 351 447
106 24 24 113 205 251 297 355
107 24 24 155 209 301 393 443
108 24 24 159 251 305 397 451
109 24 24 203 257 353 395 438
110 24 24 203 257 353 395 438
111 24 24 203 257 353 395 438
112 24 24 203 257 353 395 438
113 24 24 200 230 298 306 342
114 24 24 200 230 298 306 342
115 24 24 200 230 298 306 342
116 24 24 200 230 298 306 342
117 24 24 200 230 298 306 342
118 24 24 200 230 298 306 342
119 24 24 200 230 298 306 342
120 24 24 200 230 298 306 342
121 24 24 200 230 298 306 342
122 24 24 150 201 253 271 307
123 24 24 105 163 255 347 401
124 24 24 109 201 259 351 447
125 24 24 113 205 251 297 355
126 24 24 155 209 301 393 443
127 24 24 159 251 305 397 451
128 24 24 203 257 353 395 438
129 24 24 200 230 298 306 342
130 24 24 200 230 298 306 342
131 24 24 200 230 298 306 342
132 24 24 200 230 298 306 342
133 24 24 150 201 253 271 307
134 24 24 150 201 253 271 307
135 24 24 150 201 253 271 307
136 24 24 150 201 253 271 307
137 24 24 150 201 253 271 307
138 24 24 150 201 253 271 307
139 24 24 150 201 253 271 307
140 24 24 150 201 253 271 307
141 24 24 150 201 253 271 307
142 24 24 105 163 255 347 401
143 24 24 109 201 259 351 447
144 24 24 113 205 251 297 355
145 24 24 155 209 301 393 443
146 24 24 159 251 305 397 451
147 24 24 203 257 353 395 438
148 24 24 200 230 298 306 342
149 24 24 150 201 253 271 307
150 24 24 150 201 253 271 307
151 24 24 150 201 253 271 307
152 24 24 150 201 253 271 307
153 24 24 105 163 255 347 401
154 24 24 105 163 255 347 401
155 24 24 105 163 255 347 401
156 24 24 105 163 255 347 401
157 24 24 105 163 255 347 401
158 24 24 105 163 255 347 401
159 24 24 105 163 255 347 401
160 24 24 105 163 255 347 401
