1 24 24 67 109 113 151 155 197 201 205 213 305 309 439 443 489 501
2 24 24 55 63 101 105 117 159 247 293 351 397 401 405 451 485 493
3 24 24 59 163 209 251 255 259 297 301 343 347 355 389 393 447 497
4 24 24 63 67 105 151 163 201 209 213 255 301 393 401 439 443 489
5 24 24 59 117 159 197 247 259 293 343 351 389 447 451 485 493 497
6 24 24 116 149 156 199 228 245 258 279 297 333 348 352 422 439 451
7 24 24 87 132 151 203 211 223 256 308 317 326 345 378 419 423 440
8 24 24 109 153 199 207 211 297 299 353 389 395 397 399 439 449 493
9 24 24 67 109 113 151 155 197 201 205 213 305 309 439 443 489 501
10 24 24 67 109 113 151 155 197 201 205 213 305 309 439 443 489 501
11 24 24 67 109 113 151 155 197 201 205 213 305 309 439 443 489 501
12 24 24 67 109 113 151 155 197 201 205 213 305 309 439 443 489 501
13 24 24 55 63 101 105 117 159 247 293 351 397 401 405 451 485 493
14 24 24 55 63 101 105 117 159 247 293 351 397 401 405 451 485 493
15 24 24 55 63 101 105 117 159 247 293 351 397 401 405 451 485 493
16 24 24 55 63 101 105 117 159 247 293 351 397 401 405 451 485 493
17 24 24 55 63 101 105 117 159 247 293 351 397 401 405 451 485 493
18 24 24 55 63 101 105 117 159 247 293 351 397 401 405 451 485 493
19 24 24 55 63 101 105 117 159 247 293 351 397 401 405 451 485 493
20 24 24 55 63 101 105 117 159 247 293 351 397 401 405 451 485 493
21 24 24 55 63 101 105 117 159 247 293 351 397 401 405 451 485 493
22 24 24 59 163 209 251 255 259 297 301 343 347 355 389 393 447 497
23 24 24 63 67 105 151 163 201 209 213 255 301 393 401 439 443 489
24 24 24 59 117 159 197 247 259 293 343 351 389 447 451 485 493 497
25 24 24 116 149 156 199 228 245 258 279 297 333 348 352 422 439 451
26 24 24 87 132 151 203 211 223 256 308 317 326 345 378 419 423 440
27 24 24 109 153 199 207 211 297 299 353 389 395 397 399 439 449 493
28 24 24 67 109 113 151 155 197 201 205 213 305 309 439 443 489 501
29 24 24 55 63 101 105 117 159 247 293 351 397 401 405 451 485 493
30 24 24 55 63 101 105 117 159 247 293 351 397 401 405 451 485 493
31 24 24 55 63 101 105 117 159 247 293 351 397 401 405 451 485 493
32 24 24 55 63 101 105 117 159 247 293 351 397 401 405 451 485 493
33 24 24 59 163 209 251 255 259 297 301 343 347 355 389 393 447 497
34 24 24 59 163 209 251 255 259 297 301 343 347 355 389 393 447 497
35 24 24 59 163 209 251 255 259 297 301 343 347 355 389 393 447 497
36 24 24 59 163 209 251 255 259 297 301 343 347 355 389 393 447 497
37 24 24 59 163 209 251 255 259 297 301 343 347 355 389 393 447 497
38 24 24 59 163 209 251 255 259 297 301 343 347 355 389 393 447 497
39 24 24 59 163 209 251 255 259 297 301 343 347 355 389 393 447 497
40 24 24 59 163 209 251 255 259 297 301 343 347 355 389 393 447 497
41 24 24 59 163 209 251 255 259 297 301 343 347 355 389 393 447 497
42 24 24 63 67 105 151 163 201 209 213 255 301 393 401 439 443 489
43 24 24 59 117 159 197 247 259 293 343 351 389 447 451 485 493 497
44 24 24 116 149 156 199 228 245 258 279 297 333 348 352 422 439 451
45 24 24 87 132 151 203 211 223 256 308 317 326 345 378 419 423 440
46 24 24 109 153 199 207 211 297 299 353 389 395 397 399 439 449 493
47 24 24 67 109 113 151 155 197 201 205 213 305 309 439 443 489 501
48 24 24 55 63 101 105 117 159 247 293 351 397 401 405 451 485 493
49 24 24 59 163 209 251 255 259 297 301 343 347 355 389 393 447 497
50 24 24 59 163 209 251 255 259 297 301 343 347 355 389 393 447 497
51 24 24 59 163 209 251 255 259 297 301 343 347 355 389 393 447 497
52 24 24 59 163 209 251 255 259 297 301 343 347 355 389 393 447 497
53 24 24 63 67 105 151 163 201 209 213 255 301 393 401 439 443 489
54 24 24 63 67 105 151 163 201 209 213 255 301 393 401 439 443 489
55 24 24 63 67 105 151 163 201 209 213 255 301 393 401 439 443 489
56 24 24 63 67 105 151 163 201 209 213 255 301 393 401 439 443 489
57 24 24 63 67 105 151 163 201 209 213 255 301 393 401 439 443 489
58 24 24 63 67 105 151 163 201 209 213 255 301 393 401 439 443 489
59 24 24 63 67 105 151 163 201 209 213 255 301 393 401 439 443 489
60 24 24 63 67 105 151 163 201 209 213 255 301 393 401 439 443 489
61 24 24 63 67 105 151 163 201 209 213 255 301 393 401 439 443 489
62 24 24 59 117 159 197 247 259 293 343 351 389 447 451 485 493 497
63 24 24 116 149 156 199 228 245 258 279 297 333 348 352 422 439 451
64 24 24 87 132 151 203 211 223 256 308 317 326 345 378 419 423 440
65 24 24 109 153 199 207 211 297 299 353 389 395 397 399 439 449 493
66 24 24 67 109 113 151 155 197 201 205 213 305 309 439 443 489 501
67 24 24 55 63 101 105 117 159 247 293 351 397 401 405 451 485 493
68 24 24 59 163 209 251 255 259 297 301 343 347 355 389 393 447 497
69 24 24 63 67 105 151 163 201 209 213 255 301 393 401 439 443 489
70 24 24 63 67 105 151 163 201 209 213 255 301 393 401 439 443 489
71 24 24 63 67 105 151 163 201 209 213 255 301 393 401 439 443 489
72 24 24 63 67 105 151 163 201 209 213 255 301 393 401 439 443 489
73 24 24 59 117 159 197 247 259 293 343 351 389 447 451 485 493 497
74 24 24 59 117 159 197 247 259 293 343 351 389 447 451 485 493 497
75 24 24 59 117 159 197 247 259 293 343 351 389 447 451 485 493 497
76 24 24 59 117 159 197 247 259 293 343 351 389 447 451 485 493 497
77 24 24 59 117 159 197 247 259 293 343 351 389 447 451 485 493 497
78 24 24 59 117 159 197 247 259 293 343 351 389 447 451 485 493 497
79 24 24 59 117 159 197 247 259 293 343 351 389 447 451 485 493 497
80 24 24 59 117 159 197 247 259 293 343 351 389 447 451 485 493 497
81 24 24 59 117 159 197 247 259 293 343 351 389 447 451 485 493 497
82 24 24 116 149 156 199 228 245 258 279 297 333 348 352 422 439 451
83 24 24 87 132 151 203 211 223 256 308 317 326 345 378 419 423 440
84 24 24 109 153 199 207 211 297 299 353 389 395 397 399 439 449 493
85 24 24 67 109 113 151 155 197 201 205 213 305 309 439 443 489 501
86 24 24 55 63 101 105 117 159 247 293 351 397 401 405 451 485 493
87 24 24 59 163 209 251 255 259 297 301 343 347 355 389 393 447 497
88 24 24 63 67 105 151 163 201 209 213 255 301 393 401 439 443 489
89 24 24 59 117 159 197 247 259 293 343 351 389 447 451 485 493 497
90 24 24 59 117 159 197 247 259 293 343 351 389 447 451 485 493 497
91 24 24 59 117 159 197 247 259 293 343 351 389 447 451 485 493 497
92 24 24 59 117 159 197 247 259 293 343 351 389 447 451 485 493 497
93 24 24 116 149 156 199 228 245 258 279 297 333 348 352 422 439 451
94 24 24 116 149 156 199 228 245 258 279 297 333 348 352 422 439 451
95 24 24 116 149 156 199 228 245 258 279 297 333 348 352 422 439 451
96 24 24 116 149 156 199 228 245 258 279 297 333 348 352 422 439 451
97 24 24 116 149 156 199 228 245 258 279 297 333 348 352 422 439 451
98 24 24 116 149 156 199 228 245 258 279 297 333 348 352 422 439 451
99 24 24 116 149 156 199 228 245 258 279 297 333 348 352 422 439 451
100 24 24 116 149 156 199 228 245 258 279 297 333 348 352 422 439 451
101 24 24 116 149 156 199 228 245 258 279 297 333 348 352 422 439 451
102 24 24 87 132 151 203 211 223 256 308 317 326 345 378 419 423 440
103 24 24 109 153 199 207 211 297 299 353 389 395 397 399 439 449 493
104 24 24 67 109 113 151 155 197 201 205 213 305 309 439 443 489 501
105 24 24 55 63 101 105 117 159 247 293 351 397 401 405 451 485 493
106 24 24 59 163 209 251 255 259 297 301 343 347 355 389 393 447 497
107 24 24 63 67 105 151 163 201 209 213 255 301 393 401 439 443 489
108 24 24 59 117 159 197 247 259 293 343 351 389 447 451 485 493 497
109 24 24 116 149 156 199 228 245 258 279 297 333 348 352 422 439 451
110 24 24 116 149 156 199 228 245 258 279 297 333 348 352 422 439 451
111 24 24 116 149 156 199 228 245 258 279 297 333 348 352 422 439 451
112 24 24 116 149 156 199 228 245 258 279 297 333 348 352 422 439 451
113 24 24 87 132 151 203 211 223 256 308 317 326 345 378 419 423 440
114 24 24 87 132 151 203 211 223 256 308 317 326 345 378 419 423 440
115 24 24 87 132 151 203 211 223 256 308 317 326 345 378 419 423 440
116 24 24 87 132 151 203 211 223 256 308 317 326 345 378 419 423 440
117 24 24 87 132 151 203 211 223 256 308 317 326 345 378 419 423 440
118 24 24 87 132 151 203 211 223 256 308 317 326 345 378 419 423 440
119 24 24 87 132 151 203 211 223 256 308 317 326 345 378 419 423 440
120 24 24 87 132 151 203 211 223 256 308 317 326 345 378 419 423 440
121 24 24 87 132 151 203 211 223 256 308 317 326 345 378 419 423 440
122 24 24 109 153 199 207 211 297 299 353 389 395 397 399 439 449 493
123 24 24 67 109 113 151 155 197 201 205 213 305 309 439 443 489 501
124 24 24 55 63 101 105 117 159 247 293 351 397 401 405 451 485 493
125 24 24 59 163 209 251 255 259 297 301 343 347 355 389 393 447 497
126 24 24 63 67 105 151 163 201 209 213 255 301 393 401 439 443 489
127 24 24 59 117 159 197 247 259 293 343 351 389 447 451 485 493 497
128 24 24 116 149 156 199 228 245 258 279 297 333 348 352 422 439 451
129 24 24 87 132 151 203 211 223 256 308 317 326 345 378 419 423 440
130 24 24 87 132 151 203 211 223 256 308 317 326 345 378 419 423 440
131 24 24 87 132 151 203 211 223 256 308 317 326 345 378 419 423 440
132 24 24 87 132 151 203 211 223 256 308 317 326 345 378 419 423 440
133 24 24 109 153 199 207 211 297 299 353 389 395 397 399 439 449 493
134 24 24 109 153 199 207 211 297 299 353 389 395 397 399 439 449 493
135 24 24 109 153 199 207 211 297 299 353 389 395 397 399 439 449 493
136 24 24 109 153 199 207 211 297 299 353 389 395 397 399 439 449 493
137 24 24 109 153 199 207 211 297 299 353 389 395 397 399 439 449 493
138 24 24 109 153 199 207 211 297 299 353 389 395 397 399 439 449 493
139 24 24 109 153 199 207 211 297 299 353 389 395 397 399 439 449 493
140 24 24 109 153 199 207 211 297 299 353 389 395 397 399 439 449 493
141 24 24 109 153 199 207 211 297 299 353 389 395 397 399 439 449 493
142 24 24 67 109 113 151 155 197 201 205 213 305 309 439 443 489 501
143 24 24 55 63 101 105 117 159 247 293 351 397 401 405 451 485 493
144 24 24 59 163 209 251 255 259 297 301 343 347 355 389 393 447 497
145 24 24 63 67 105 151 163 201 209 213 255 301 393 401 439 443 489
146 24 24 59 117 159 197 247 259 293 343 351 389 447 451 485 493 497
147 24 24 116 149 156 199 228 245 258 279 297 333 348 352 422 439 451
148 24 24 87 132 151 203 211 223 256 308 317 326 345 378 419 423 440
149 24 24 109 153 199 207 211 297 299 353 389 395 397 399 439 449 493
150 24 24 109 153 199 207 211 297 299 353 389 395 397 399 439 449 493
151 24 24 109 153 199 207 211 297 299 353 389 395 397 399 439 449 493
152 24 24 109 153 199 207 211 297 299 353 389 395 397 399 439 449 493
153 24 24 67 109 113 151 155 197 201 205 213 305 309 439 443 489 501
154 24 24 67 109 113 151 155 197 201 205 213 305 309 439 443 489 501
155 24 24 67 109 113 151 155 197 201 205 213 305 309 439 443 489 501
156 24 24 67 109 113 151 155 197 201 205 213 305 309 439 443 489 501
157 24 24 67 109 113 151 155 197 201 205 213 305 309 439 443 489 501
158 24 24 67 109 113 151 155 197 201 205 213 305 309 439 443 489 501
159 24 24 67 109 113 151 155 197 201 205 213 305 309 439 443 489 501
160 24 24 67 109 113 151 155 197 201 205 213 305 309 439 443 489 501
