1 24 24 197 255 347 401 439
2 24 24 197 255 347 401 439
3 24 24 197 255 347 401 439
4 24 24 197 255 347 401 439
5 24 24 197 255 347 401 439
6 24 24 197 255 347 401 439
7 24 24 197 255 347 401 439
8 24 24 197 255 347 401 439
9 24 24 197 255 347 401 439
10 24 24 201 293 351 355 443
11 24 24 201 293 351 355 443
12 24 24 201 293 351 355 443
13 24 24 201 293 351 355 443
14 24 24 201 293 351 355 443
15 24 24 201 293 351 355 443
16 24 24 201 293 351 355 443
17 24 24 201 293 351 355 443
18 24 24 205 251 297 389 447
19 24 24 205 251 297 389 447
20 24 24 205 251 297 389 447
21 24 24 205 251 297 389 447
22 24 24 205 251 297 389 447
23 24 24 205 251 297 389 447
24 24 24 205 251 297 389 447
25 24 24 205 251 297 389 447
26 24 24 209 247 259 301 393
27 24 24 209 247 259 301 393
28 24 24 209 247 259 301 393
29 24 24 209 247 259 301 393
30 24 24 209 247 259 301 393
31 24 24 209 247 259 301 393
32 24 24 209 247 259 301 393
33 24 24 209 247 259 301 393
