1 24 24 101 117 151 155 159 163 197 201 209 243 251 259 301 343 351 393 405 439 443 447
2 24 24 101 117 151 155 159 163 197 201 209 243 251 259 301 343 351 393 405 439 443 447
3 24 24 101 117 151 155 159 163 197 201 209 243 251 259 301 343 351 393 405 439 443 447
4 24 24 101 117 151 155 159 163 197 201 209 243 251 259 301 343 351 393 405 439 443 447
5 24 24 101 117 151 155 159 163 197 201 209 243 251 259 301 343 351 393 405 439 443 447
6 24 24 101 117 151 155 159 163 197 201 209 243 251 259 301 343 351 393 405 439 443 447
7 24 24 101 117 151 155 159 163 197 201 209 243 251 259 301 343 351 393 405 439 443 447
8 24 24 101 117 151 155 159 163 197 201 209 243 251 259 301 343 351 393 405 439 443 447
9 24 24 101 117 151 155 159 163 197 201 209 243 251 259 301 343 351 393 405 439 443 447
10 24 24 101 117 151 155 159 163 197 201 209 243 251 259 301 343 351 393 405 439 443 447
11 24 24 101 117 151 155 159 163 197 201 209 243 251 259 301 343 351 393 405 439 443 447
12 24 24 101 117 151 155 159 163 197 201 209 243 251 259 301 343 351 393 405 439 443 447
13 24 24 101 117 151 155 159 163 197 201 209 243 251 259 301 343 351 393 405 439 443 447
14 24 24 101 117 151 155 159 163 197 201 209 243 251 259 301 343 351 393 405 439 443 447
15 24 24 101 117 151 155 159 163 197 201 209 243 251 259 301 343 351 393 405 439 443 447
16 24 24 101 117 151 155 159 163 197 201 209 243 251 259 301 343 351 393 405 439 443 447
17 24 24 101 117 151 155 159 163 197 201 209 243 251 259 301 343 351 393 405 439 443 447
18 24 24 101 117 151 155 159 163 197 201 209 243 251 259 301 343 351 393 405 439 443 447
19 24 24 101 117 151 155 159 163 197 201 209 243 251 259 301 343 351 393 405 439 443 447
20 24 24 101 117 151 155 159 163 197 201 209 243 251 259 301 343 351 393 405 439 443 447
21 24 24 101 117 151 155 159 163 197 201 209 243 251 259 301 343 351 393 405 439 443 447
22 24 24 101 117 151 155 159 163 197 201 209 243 251 259 301 343 351 393 405 439 443 447
23 24 24 101 117 151 155 159 163 197 201 209 243 251 259 301 343 351 393 405 439 443 447
24 24 24 101 117 151 155 159 163 197 201 209 243 251 259 301 343 351 393 405 439 443 447
25 24 24 101 117 151 155 159 163 197 201 209 243 251 259 301 343 351 393 405 439 443 447
26 24 24 101 117 151 155 159 163 197 201 209 243 251 259 301 343 351 393 405 439 443 447
27 24 24 101 117 151 155 159 163 197 201 209 243 251 259 301 343 351 393 405 439 443 447
28 24 24 101 117 151 155 159 163 197 201 209 243 251 259 301 343 351 393 405 439 443 447
29 24 24 101 117 151 155 159 163 197 201 209 243 251 259 301 343 351 393 405 439 443 447
30 24 24 101 117 151 155 159 163 197 201 209 243 251 259 301 343 351 393 405 439 443 447
31 24 24 101 117 151 155 159 163 197 201 209 243 251 259 301 343 351 393 405 439 443 447
32 24 24 101 117 151 155 159 163 197 201 209 243 251 259 301 343 351 393 405 439 443 447
33 24 24 101 117 151 155 159 163 197 201 209 243 251 259 301 343 351 393 405 439 443 447
