1 24 24 105 151 163 201 213 247 259 293 297 389 397 435 489 493 501
2 24 24 105 151 163 201 213 247 259 293 297 389 397 435 489 493 501
3 24 24 105 151 163 201 213 247 259 293 297 389 397 435 489 493 501
4 24 24 105 151 163 201 213 247 259 293 297 389 397 435 489 493 501
5 24 24 105 151 163 201 213 247 259 293 297 389 397 435 489 493 501
6 24 24 105 151 163 201 213 247 259 293 297 389 397 435 489 493 501
7 24 24 105 151 163 201 213 247 259 293 297 389 397 435 489 493 501
8 24 24 105 151 163 201 213 247 259 293 297 389 397 435 489 493 501
9 24 24 105 151 163 201 213 247 259 293 297 389 397 435 489 493 501
10 24 24 101 109 117 147 155 197 305 309 339 343 351 401 451 485 497
11 24 24 101 109 117 147 155 197 305 309 339 343 351 401 451 485 497
12 24 24 101 109 117 147 155 197 305 309 339 343 351 401 451 485 497
13 24 24 101 109 117 147 155 197 305 309 339 343 351 401 451 485 497
14 24 24 101 109 117 147 155 197 305 309 339 343 351 401 451 485 497
15 24 24 101 109 117 147 155 197 305 309 339 343 351 401 451 485 497
16 24 24 101 109 117 147 155 197 305 309 339 343 351 401 451 485 497
17 24 24 101 109 117 147 155 197 305 309 339 343 351 401 451 485 497
18 24 24 113 159 205 209 243 251 255 301 347 355 393 405 439 443 447
19 24 24 113 159 205 209 243 251 255 301 347 355 393 405 439 443 447
20 24 24 113 159 205 209 243 251 255 301 347 355 393 405 439 443 447
21 24 24 113 159 205 209 243 251 255 301 347 355 393 405 439 443 447
22 24 24 113 159 205 209 243 251 255 301 347 355 393 405 439 443 447
23 24 24 113 159 205 209 243 251 255 301 347 355 393 405 439 443 447
24 24 24 113 159 205 209 243 251 255 301 347 355 393 405 439 443 447
25 24 24 113 159 205 209 243 251 255 301 347 355 393 405 439 443 447
26 24 24 151 163 197 201 209 213 259 301 339 347 393 401 435 439 489
27 24 24 151 163 197 201 209 213 259 301 339 347 393 401 435 439 489
28 24 24 151 163 197 201 209 213 259 301 339 347 393 401 435 439 489
29 24 24 151 163 197 201 209 213 259 301 339 347 393 401 435 439 489
30 24 24 151 163 197 201 209 213 259 301 339 347 393 401 435 439 489
31 24 24 151 163 197 201 209 213 259 301 339 347 393 401 435 439 489
32 24 24 151 163 197 201 209 213 259 301 339 347 393 401 435 439 489
33 24 24 151 163 197 201 209 213 259 301 339 347 393 401 435 439 489
