1 24 24 201
2 24 24 160
3 24 24 575
4 24 24 313
5 24 24 89
6 24 24 372
7 24 24 371
8 24 24 412
9 24 24 379
10 24 24 170
11 24 24 392
12 24 24 115
13 24 24 29
14 24 24 93
15 24 24 410
16 24 24 452
17 24 24 245
18 24 24 338
19 24 24 308
20 24 24 256
21 24 24 259
22 24 24 137
23 24 24 451
24 24 24 285
25 24 24 446
26 24 24 228
27 24 24 462
28 24 24 182
29 24 24 37
30 24 24 493
31 24 24 42
32 24 24 326
33 24 24 16
34 24 24 28
35 24 24 351
36 24 24 455
37 24 24 454
38 24 24 366
39 24 24 73
40 24 24 124
41 24 24 275
42 24 24 217
43 24 24 97
44 24 24 447
45 24 24 55
46 24 24 153
47 24 24 331
48 24 24 406
49 24 24 237
50 24 24 279
51 24 24 438
52 24 24 149
53 24 24 102
54 24 24 394
55 24 24 391
56 24 24 312
57 24 24 163
58 24 24 416
59 24 24 10
60 24 24 541
61 24 24 415
62 24 24 85
63 24 24 423
64 24 24 238
65 24 24 57
66 24 24 87
67 24 24 556
68 24 24 84
69 24 24 230
70 24 24 282
71 24 24 395
72 24 24 490
73 24 24 533
74 24 24 58
75 24 24 352
76 24 24 460
77 24 24 554
78 24 24 99
79 24 24 198
80 24 24 542
81 24 24 265
82 24 24 166
83 24 24 241
84 24 24 258
85 24 24 527
86 24 24 132
87 24 24 291
88 24 24 324
89 24 24 327
90 24 24 374
91 24 24 470
92 24 24 404
93 24 24 206
94 24 24 456
95 24 24 348
96 24 24 473
97 24 24 529
98 24 24 304
99 24 24 118
100 24 24 321
101 24 24 20
102 24 24 272
103 24 24 8
104 24 24 155
105 24 24 255
106 24 24 382
107 24 24 172
108 24 24 495
109 24 24 67
110 24 24 390
111 24 24 109
112 24 24 209
113 24 24 364
114 24 24 203
115 24 24 332
116 24 24 131
117 24 24 61
118 24 24 467
119 24 24 274
120 24 24 551
121 24 24 25
122 24 24 128
123 24 24 347
124 24 24 414
125 24 24 223
126 24 24 544
127 24 24 47
128 24 24 492
129 24 24 546
130 24 24 86
131 24 24 49
132 24 24 354
133 24 24 180
134 24 24 540
135 24 24 121
136 24 24 549
137 24 24 521
138 24 24 220
139 24 24 528
140 24 24 337
141 24 24 83
142 24 24 311
143 24 24 405
144 24 24 53
145 24 24 539
146 24 24 488
147 24 24 257
148 24 24 195
149 24 24 569
150 24 24 485
151 24 24 187
152 24 24 26
153 24 24 346
154 24 24 202
155 24 24 426
156 24 24 236
157 24 24 563
158 24 24 342
159 24 24 486
160 24 24 79
161 24 24 229
162 24 24 494
163 24 24 34
164 24 24 535
165 24 24 156
166 24 24 385
167 24 24 197
168 24 24 216
169 24 24 550
170 24 24 512
171 24 24 32
172 24 24 399
173 24 24 356
174 24 24 286
175 24 24 184
176 24 24 50
177 24 24 384
178 24 24 300
179 24 24 431
180 24 24 127
181 24 24 478
182 24 24 295
183 24 24 479
184 24 24 44
185 24 24 212
186 24 24 100
187 24 24 129
188 24 24 133
189 24 24 420
190 24 24 562
191 24 24 328
192 24 24 62
193 24 24 151
194 24 24 434
195 24 24 567
196 24 24 314
197 24 24 77
198 24 24 568
199 24 24 211
200 24 24 116
201 24 24 365
202 24 24 199
203 24 24 52
204 24 24 572
205 24 24 193
206 24 24 402
207 24 24 376
208 24 24 235
209 24 24 196
210 24 24 458
211 24 24 439
212 24 24 389
213 24 24 165
214 24 24 144
215 24 24 508
216 24 24 119
217 24 24 164
218 24 24 177
219 24 24 12
220 24 24 393
221 24 24 38
222 24 24 263
223 24 24 537
224 24 24 140
225 24 24 373
226 24 24 503
227 24 24 204
228 24 24 465
229 24 24 500
230 24 24 377
231 24 24 381
232 24 24 221
233 24 24 518
234 24 24 303
235 24 24 330
236 24 24 70
237 24 24 487
238 24 24 355
239 24 24 207
240 24 24 520
241 24 24 214
242 24 24 302
243 24 24 471
244 24 24 51
245 24 24 101
246 24 24 186
247 24 24 430
248 24 24 501
249 24 24 234
250 24 24 496
251 24 24 437
252 24 24 130
253 24 24 297
254 24 24 135
255 24 24 21
256 24 24 3
257 24 24 548
258 24 24 315
259 24 24 576
260 24 24 205
261 24 24 68
262 24 24 513
263 24 24 103
264 24 24 553
265 24 24 475
266 24 24 6
267 24 24 219
268 24 24 41
269 24 24 557
270 24 24 7
271 24 24 175
272 24 24 436
273 24 24 560
274 24 24 358
275 24 24 227
276 24 24 466
277 24 24 375
278 24 24 125
279 24 24 419
280 24 24 69
281 24 24 18
282 24 24 515
283 24 24 169
284 24 24 403
285 24 24 284
286 24 24 386
287 24 24 150
288 24 24 233
289 24 24 474
290 24 24 294
291 24 24 350
292 24 24 264
293 24 24 571
294 24 24 173
295 24 24 432
296 24 24 290
297 24 24 483
298 24 24 427
299 24 24 519
300 24 24 48
301 24 24 306
302 24 24 179
303 24 24 270
304 24 24 564
305 24 24 383
306 24 24 283
307 24 24 122
308 24 24 523
309 24 24 254
310 24 24 112
311 24 24 497
312 24 24 190
313 24 24 2
314 24 24 547
315 24 24 489
316 24 24 143
317 24 24 514
318 24 24 413
319 24 24 397
320 24 24 268
321 24 24 440
322 24 24 225
323 24 24 401
324 24 24 210
325 24 24 178
326 24 24 136
327 24 24 360
328 24 24 524
329 24 24 425
330 24 24 224
331 24 24 477
332 24 24 505
333 24 24 1
334 24 24 46
335 24 24 543
336 24 24 31
337 24 24 561
338 24 24 444
339 24 24 566
340 24 24 441
341 24 24 246
342 24 24 301
343 24 24 531
344 24 24 60
345 24 24 482
346 24 24 498
347 24 24 114
348 24 24 357
349 24 24 398
350 24 24 552
351 24 24 45
352 24 24 468
353 24 24 4
354 24 24 504
355 24 24 74
356 24 24 334
357 24 24 536
358 24 24 72
359 24 24 54
360 24 24 463
361 24 24 243
362 24 24 167
363 24 24 424
364 24 24 91
365 24 24 558
366 24 24 320
367 24 24 105
368 24 24 559
369 24 24 162
370 24 24 509
371 24 24 95
372 24 24 159
373 24 24 252
374 24 24 262
375 24 24 422
376 24 24 369
377 24 24 359
378 24 24 185
379 24 24 464
380 24 24 266
381 24 24 218
382 24 24 453
383 24 24 506
384 24 24 396
385 24 24 281
386 24 24 435
387 24 24 417
388 24 24 448
389 24 24 261
390 24 24 298
391 24 24 94
392 24 24 319
393 24 24 329
394 24 24 148
395 24 24 71
396 24 24 183
397 24 24 13
398 24 24 200
399 24 24 111
400 24 24 502
401 24 24 22
402 24 24 43
403 24 24 88
404 24 24 36
405 24 24 407
406 24 24 538
407 24 24 80
408 24 24 481
409 24 24 157
410 24 24 244
411 24 24 307
412 24 24 484
413 24 24 75
414 24 24 318
415 24 24 11
416 24 24 247
417 24 24 317
418 24 24 345
419 24 24 343
420 24 24 194
421 24 24 98
422 24 24 322
423 24 24 117
424 24 24 532
425 24 24 96
426 24 24 510
427 24 24 421
428 24 24 276
429 24 24 299
430 24 24 472
431 24 24 499
432 24 24 461
433 24 24 19
434 24 24 9
435 24 24 215
436 24 24 325
437 24 24 176
438 24 24 76
439 24 24 370
440 24 24 192
441 24 24 142
442 24 24 92
443 24 24 388
444 24 24 296
445 24 24 534
446 24 24 242
447 24 24 181
448 24 24 260
449 24 24 340
450 24 24 476
451 24 24 35
452 24 24 104
453 24 24 280
454 24 24 123
455 24 24 445
456 24 24 400
457 24 24 126
458 24 24 335
459 24 24 24
460 24 24 491
461 24 24 457
462 24 24 305
463 24 24 310
464 24 24 480
465 24 24 152
466 24 24 428
467 24 24 253
468 24 24 429
469 24 24 269
470 24 24 368
471 24 24 363
472 24 24 249
473 24 24 525
474 24 24 378
475 24 24 106
476 24 24 570
477 24 24 251
478 24 24 336
479 24 24 90
480 24 24 516
481 24 24 40
482 24 24 17
483 24 24 367
484 24 24 168
485 24 24 459
486 24 24 108
487 24 24 158
488 24 24 231
489 24 24 449
490 24 24 442
491 24 24 507
492 24 24 240
493 24 24 232
494 24 24 517
495 24 24 107
496 24 24 511
497 24 24 120
498 24 24 443
499 24 24 78
500 24 24 278
501 24 24 273
502 24 24 30
503 24 24 110
504 24 24 341
505 24 24 349
506 24 24 56
507 24 24 23
508 24 24 161
509 24 24 271
510 24 24 33
511 24 24 213
512 24 24 288
513 24 24 81
514 24 24 530
515 24 24 141
516 24 24 189
517 24 24 222
518 24 24 292
519 24 24 15
520 24 24 411
521 24 24 139
522 24 24 171
523 24 24 27
524 24 24 64
525 24 24 408
526 24 24 14
527 24 24 409
528 24 24 65
529 24 24 418
530 24 24 39
531 24 24 145
532 24 24 555
533 24 24 450
534 24 24 82
535 24 24 208
536 24 24 154
537 24 24 433
538 24 24 226
539 24 24 248
540 24 24 287
541 24 24 59
542 24 24 5
543 24 24 134
544 24 24 63
545 24 24 573
546 24 24 469
547 24 24 66
548 24 24 316
549 24 24 146
550 24 24 277
551 24 24 267
552 24 24 191
553 24 24 545
554 24 24 147
555 24 24 323
556 24 24 113
557 24 24 526
558 24 24 565
559 24 24 333
560 24 24 289
561 24 24 387
562 24 24 309
563 24 24 339
564 24 24 362
565 24 24 522
566 24 24 361
567 24 24 188
568 24 24 250
569 24 24 353
570 24 24 380
571 24 24 138
572 24 24 239
573 24 24 174
574 24 24 293
575 24 24 344
576 24 24 574
